[08:58:56.677]收←◆06 10 B1 00 00 12 24 00 00 00 A1 00 30 00 00 00 01 00 00 07 0F 00 00 01 EA 00 44 00 00 00 00 00 00 08 3A 0C 00 00 1E 00 00 00 00 F9 57 06 10 B1 00 00 12 66 8F 
[08:58:56.906]收←◆04 03 26 FC FF 00 00 00 0A 0C 00 00 00 00 00 00 00 00 00 00 00 00 1E 00 00 00 00 00 01 02 05 01 01 44 14 03 03 14 00 00 00 DB 28 
[08:58:57.144]收←◆06 10 B1 00 00 12 24 00 00 00 A1 00 30 00 00 00 01 00 00 07 0F 00 00 01 EA 00 44 00 00 00 00 00 00 08 3A 0C 00 00 1E 00 00 00 00 F9 57 06 10 B1 00 00 12 66 8F 
[08:58:57.581]收←◆04 07 26 FE FF 08 00 00 0A 0C 00 00 02 00 00 00 00 80 00 00 00 00 1E 00 00 00 01 02 01 02 05 01 01 44 34 83 0B 14 00 00 00 DB 28 
[08:58:58.160]收←◆04 03 26 FC FF 00 00 00 0A 0C 20 00 00 80 00 00 00 00 80 00 00 00 1F 00 00 20 00 02 01 02 25 01 01 46 14 03 03 14 00 10 00 DB 28 
[08:58:58.843]收←◆82 03 26 FC FF 00 00 00 0A 0C 00 10 40 20 00 00 00 00 40 40 80 80 9F 80 80 00 00 00 01 0A 07 01 01 44 14 03 03 14 00 00 00 DB 28 
[08:58:59.665]收←◆04 03 26 FE 00 00 00 0A 0C 00 00 00 00 01 40 00 00 00 00 00 00 1E 00 00 00 00 00 01 02 05 01 01 44 15 03 03 14 00 00 00 DB 2A 
[08:59:00.037]收←◆04 03 26 FC FF 00 00 00 0A 0C 00 00 00 00 00 00 20 00 00 00 00 00 9E 00 00 00 00 20 01 02 05 01 81 44 14 03 03 1C 00 00 00 DB 2C 
[08:59:00.670]收←◆04 03 26 FC FF 00 00 00 0A 0C 00 00 04 08 48 00 20 00 00 00 00 01 1E 00 00 02 00 00 01 82 05 01 01 54 16 03 03 14 00 01 00 DB 28 
[08:59:01.296]收←◆04 03 26 FC FF 00 00 00 4A 0C 00 00 01 00 00 00 00 00 08 00 00 80 1E 84 00 00 80 08 01 02 05 40 48 A2 8A 03 0B 14 00 40 00 DB 28 
[08:59:02.072]收←◆04 03 26 FE FF 01 00 04 4A 0C 00 00 10 00 00 00 02 00 00 04 00 81 8F 20 10 02 00 00 13 02 05 01 0D 44 14 03 03 1C 00 00 00 DB 68 
[08:59:02.554]收←◆04 03 26 FC FF 00 11 02 0A 0C 00 00 00 02 40 00 00 00 00 00 00 00 1E 00 00 00 80 00 01 02 05 01 01 44 B4 03 03 14 00 00 00 DB 28 
[08:59:03.178]收←◆04 2B 26 FC FF 00 00 00 0A 0C 00 00 01 00 00 00 00 00 01 00 00 80 04 04 08 58 10 50 24 A0 50 A0 20 51 C5 A0 20 45 40 40 80 3B CA 
[08:59:03.851]收←◆0C 03 26 FC 00 00 00 0A 0C 88 00 00 00 00 80 00 00 00 00 01 00 1E 00 20 00 01 00 09 02 05 11 01 44 14 07 03 94 00 00 00 DB 28 
[08:59:04.428]收←◆82 03 26 FC FF 00 00 00 0A 0C 20 00 00 00 00 60 20 40 80 80 01 80 1E 02 00 00 82 00 01 02 0D 81 01 44 14 03 03 14 00 00 20 DB 28 
[08:59:05.121]收←◆04 20 12 FF 00 00 00 1A 0C 00 00 00 00 00 00 01 00 00 00 00 00 1E 00 00 00 00 80 01 12 49 40 40 51 8A A0 20 45 40 80 80 DB 2A 
[08:59:05.941]收←◆04 03 26 FC FF 00 00 00 0A 0C 00 00 00 00 10 00 00 00 00 00 00 00 1E 00 00 00 00 00 01 81 05 01 01 54 1C 13 03 14 00 00 00 DB 28 
[08:59:06.312]收←◆14 03 36 FC FF 00 00 00 0A 0C 00 00 00 00 00 00 00 10 00 02 00 00 1E 00 40 04 10 00 01 0A 05 01 01 44 34 03 03 14 00 00 00 DB 28 
[08:59:06.947]收←◆04 03 26 FC FF 08 00 20 0A 0C 00 00 14 04 00 00 00 00 00 00 00 00 1E 00 00 00 00 00 01 02 0D 01 01 44 14 03 03 14 00 04 00 DB 9C 
[08:59:07.572]收←◆04 03 26 FC FF 00 00 00 0A 0C 40 00 00 40 80 01 00 00 00 00 00 00 1E 02 00 00 00 10 41 02 05 01 01 44 16 03 23 14 20 00 10 DB 28 
[08:59:08.344]收←◆82 03 26 FC FF 00 00 40 0A 0C 40 00 00 04 40 00 28 00 00 00 00 00 1E 00 00 00 00 00 81 02 05 A0 40 51 AA A0 60 82 04 24 68 87 FE 
[08:59:08.823]收←◆04 03 26 FE 00 00 40 21 08 10 10 28 20 61 60 44 40 80 80 80 01 1E 00 00 00 00 00 01 02 15 01 01 44 14 03 0B 14 00 80 00 3B CA 
[08:59:09.455]收←◆04 03 26 FC FF 00 00 00 0A 0C 88 80 00 00 00 00 00 00 00 88 80 00 1E 00 00 00 00 00 01 02 05 01 01 44 14 83 03 14 00 10 00 DB 94 
[08:59:10.128]收←◆04 03 26 FC FF 00 00 00 02 0C 00 00 00 00 00 00 00 00 00 00 04 00 1E 00 00 00 00 10 01 42 05 01 01 44 16 03 03 15 00 00 00 DD EB 
[08:59:10.711]收←◆06 03 26 FC FF 00 00 A4 02 0C 01 40 80 40 20 00 00 00 00 00 40 04 1E 40 00 00 00 20 01 02 05 01 01 44 14 03 0B 16 84 04 00 BA EB 
[08:59:11.400]收←◆06 03 66 FC FF 00 94 00 42 0C 40 01 00 10 80 80 00 40 00 80 80 40 5E 00 00 00 00 00 01 82 05 01 01 44 14 03 03 14 00 00 80 BA EB 
[08:59:12.218]收←◆04 03 26 FE FF 00 00 80 02 0C 00 00 00 00 00 08 00 00 00 80 00 00 1E 40 80 80 00 50 01 06 05 11 11 44 14 03 23 14 00 00 00 BA EB 
[08:59:12.592]收←◆04 07 26 FC FF 00 00 00 02 0C 10 00 00 00 00 00 00 8C 00 80 00 08 1E 00 00 02 60 00 01 02 05 01 01 4C 14 03 03 15 00 08 00 BA EB 
[08:59:13.229]收←◆24 13 26 FC FF 10 04 00 02 0C 00 01 00 00 00 00 04 02 00 00 00 00 5E 80 00 00 02 80 01 02 05 81 11 44 14 2B 03 14 00 00 20 BA EB 
[08:59:13.852]收←◆04 03 26 FC FF 00 00 00 02 0C 00 00 00 00 00 00 14 00 00 C8 00 00 1E 00 09 00 00 00 01 02 05 01 01 64 14 03 03 1C 50 00 00 BA EB 
[08:59:14.623]收←◆04 83 26 FC FF 20 00 80 02 43 80 80 00 04 00 C0 82 80 00 00 00 00 1E 00 80 00 00 00 01 02 05 21 01 44 14 03 03 14 00 40 00 BA EB 
[08:59:15.105]收←◆04 03 26 FC FF 00 00 00 81 86 00 00 01 00 40 02 00 40 00 00 00 00 1E 00 00 00 00 00 41 22 05 01 01 44 14 03 03 14 00 00 00 BA EB 
[08:59:15.731]收←◆04 03 36 FC FF 00 01 00 02 4C 00 00 00 00 00 80 00 00 01 00 00 00 1E 00 80 10 00 00 01 02 05 01 01 44 14 03 03 14 00 10 00 BA EB 
[08:59:16.405]收←◆04 1B 26 FC FF 00 10 00 02 0C 00 20 08 00 00 00 00 00 20 02 00 00 1E 00 00 00 08 00 01 02 05 01 01 44 14 13 03 8A 00 00 00 BA EB 
[08:59:16.990]收←◆04 07 26 FC FF 00 80 80 81 86 20 10 00 10 01 00 00 00 10 20 00 00 1E 01 00 01 04 00 01 02 05 01 01 46 14 A0 20 04 04 08 48 5B 
[08:59:17.680]收←◆2C 0B 26 FC FF 40 00 0A 02 0D 00 00 04 10 00 00 80 00 04 00 20 00 1E 00 00 00 00 00 01 02 45 01 01 44 14 83 0B 14 00 00 42 BA EB 
[08:59:18.498]收←◆04 03 26 FC FF 42 82 80 02 0C 00 00 00 0A 00 00 02 00 00 00 02 00 1E 00 00 00 84 20 01 02 05 01 01 44 14 03 03 14 00 00 00 BA EB 
[08:59:18.869]收←◆07 23 26 FC 00 00 00 02 0C 00 00 00 04 80 00 20 08 01 00 00 00 1E 00 00 80 01 00 01 02 05 01 01 51 8A A0 20 11 20 20 41 B7 FD 
[08:59:19.505]收←◆44 0B 26 FC FF 00 00 00 06 0C 80 00 00 00 00 00 00 80 90 10 00 00 1E 84 00 08 01 00 01 82 05 01 01 44 14 03 03 14 00 00 00 BA FD 
[08:59:20.130]收←◆04 43 26 FC FF 00 02 10 02 0C 00 40 00 00 00 00 00 00 00 00 00 10 1F 00 00 01 00 00 01 02 05 01 01 44 14 13 03 14 04 00 0C BA EB 
[08:59:20.902]收←◆04 03 26 FC FF 00 20 00 22 0C 02 80 00 02 00 00 00 10 00 00 04 00 1E 00 00 00 00 00 01 02 05 41 01 44 94 03 13 14 00 02 00 BA EB 
[08:59:21.384]收←◆04 03 26 FC FF 00 00 01 02 0C 00 20 00 00 00 00 80 00 00 00 00 10 1E 80 00 00 00 00 01 02 05 01 11 45 14 03 03 14 00 80 00 BA EB 
[08:59:22.009]收←◆04 03 27 FC FF 08 08 10 02 0C 00 00 80 20 00 00 00 20 00 01 00 00 1E 00 00 20 02 00 01 02 0D 09 01 44 14 03 03 16 00 00 00 BA EB 
[08:59:22.685]收←◆04 03 2E FD FF 00 01 00 02 0C 00 00 00 00 00 10 00 00 40 40 80 40 04 08 09 10 10 70 60 A0 50 50 10 14 D1 A0 20 19 10 20 20 B7 FD 
[08:59:23.264]收←◆04 03 36 FC FF 00 80 00 02 0C 40 00 00 00 00 00 00 00 20 00 00 00 1E 00 80 00 00 40 01 81 41 40 48 51 8B A0 22 45 60 40 80 DD EB 
[08:59:23.953]收←◆04 07 26 FC FF 00 00 00 02 0C 00 00 00 00 00 00 00 02 80 00 00 10 1E 20 00 00 10 00 01 02 15 01 81 44 14 03 43 14 00 00 80 BA EB 
[08:59:24.771]收←◆04 03 26 FC FF 40 20 40 02 0C 00 00 00 01 00 80 80 80 00 10 00 00 1E 00 00 02 00 00 01 06 05 01 01 B2 14 03 03 14 00 01 00 BA EB 
[08:59:25.141]收←◆04 0B 26 FC FF 00 00 01 81 0C 00 88 20 00 00 00 00 00 00 00 00 00 1E 08 00 00 10 00 01 02 61 40 40 51 8F A3 20 45 C2 40 48 DD FD 
[08:59:25.777]收←◆04 03 27 FC 00 00 00 02 0C 00 00 00 00 00 00 02 08 00 00 10 01 1E 01 00 00 00 00 01 02 05 01 01 44 14 03 03 14 00 20 00 BA EB 
[08:59:26.403]收←◆44 03 26 FC FF 04 08 00 02 0C 80 40 00 00 40 00 C0 10 00 08 46 00 1E 00 00 00 00 20 01 02 05 01 01 44 14 03 03 14 00 00 00 BA EB 